10.676153878820928	0.4743242523632922	40.24511284567368	4.540874528076408	0.4468087739473646	0.9489893541913086	0.020869758762979806	0.06922403252934005	0.002211709565774056
9.757263071245612	0.19410745129622164	44.63556683599411	4.968082159055383	0.552729448176064	0.656478411386745	0.09615992237404741	0.0899872197274047	0.006869785855134625
7.7649793672771175	0.46686495589395033	15.019919500613204	1.4933292848526896	0.8397055540075813	0.3185573102257109	0.09386414959220285	0.033027157058547287	0.005998775357701769
8.22119129564373	0.1495579991270023	4.205383059030443	4.900272142795824	0.14669066755118454	0.1992990971631592	0.08873696431424677	0.042511852640584796	0.0020499240576962287
7.230554597929993	0.5847452487937106	22.87803014375655	1.2793031862628017	0.7964974424389971	0.6025945975330782	0.456387059877511	0.02346381568082726	0.0974325356966858
9.981444773576102	0.17490396801836244	41.6702158353112	4.027350110448251	0.957223993270474	0.48623367726210365	0.04566236039323651	0.05361708809169709	0.003320661595092245
5.661953622986185	0.4519829048365277	12.593547876433519	1.8099349379488228	0.6876663329887487	1.197302850018843	0.003531988300098765	0.00630102414883369	0.0008677298619294672
10.005393977255473	0.3370458417415118	37.15943067920276	0.3430269470464187	0.35056281804960177	0.22305848875996337	0.272974584082945	0.04491111884540196	0.0207286164034463
5.429880073241121	0.16256399468259985	3.5636936958365006	3.9557466290244374	0.3263926722660023	0.640227531211929	0.014691086038308154	0.04248253684015599	0.008636878913194103
7.415518967280111	0.7974469828964104	23.86506267035849	4.464967106342835	0.6375509856642214	0.8158139909787903	0.16982925310631908	0.02325268109575043	0.0006792836488245136
9.790809790250519	0.14591106170639478	15.106669903781567	4.582012781365174	0.5416715850585244	0.8103795500614499	0.13106897102403847	0.0176810691595346	0.010020796077505768
6.904316989273276	0.45130483437569835	28.927507171682166	3.7063488602218535	0.2513578870902957	0.30066463074273586	0.29389845289747796	0.09225272415240851	0.005295070724227114
8.041801001012118	0.11628675533040778	15.979953726374863	3.9600813376254296	0.8096212513413018	1.4177742192348077	0.12619846337126472	0.022759643237985475	0.0011984091173119717
7.826955288327604	0.11778794381353369	25.713465409038687	2.3145925414936346	0.515263303845564	1.0867862724317505	0.04310008394982051	0.010776828839545128	0.0029168266403755473
10.073781504291972	0.32955057705764934	29.181558769095943	2.623718465495582	0.279375442000509	0.26689238211117705	0.08596443849415258	0.011970770116430319	0.013700073260811308
9.230270446741153	0.3220978198572623	11.083822997641235	3.083621334820678	0.684791123674528	1.693138189172927	0.013580220524638864	0.029793721775543458	0.0024328620714337726
10.697801101976742	0.28645905074356187	26.874589530511372	3.226844217840884	0.23907207556634957	0.6597935098287777	0.029294647172345256	0.003432941090961528	0.0057099957077471845
6.9528323004114645	0.5147797012998603	20.95276545867532	1.7687326361614253	0.9628122554118744	0.37520436088223796	0.03831309863690474	0.017894246050858955	0.003658951625141127
9.090674303987118	0.43921917696512414	4.688317583962398	0.17975579644483985	0.7015142383199295	0.4393130445838247	0.27289950756802656	0.04932081525442248	0.07711787651343183
10.605805109064768	0.009213591756036144	33.34963478787772	2.770787226854629	0.5135642535022942	0.019451636487948232	0.050773132377581465	0.006676480012890585	0.008477063255964179
6.516899770362139	0.21600447269748907	2.3330916116558242	4.410882320844784	0.6234343346462748	0.614926588465547	0.03811978930151977	0.0491121867640869	0.002525110837256195
11.57946763554699	0.4856479775718312	5.674806663316439	2.598252802598905	0.9385712021480976	0.43495224268290467	0.3614514714907792	0.06986798001570453	0.07419616323349608
12.519568438880517	0.11228414353000293	45.71634010595974	2.387242267374281	0.7446147966523402	0.3540803270992501	0.009010604078423357	0.04326731391385722	0.0032627806135367646
7.7173194062632575	0.22540600106066588	10.181663280632003	1.6140256126453938	0.3555046693933249	0.3139414792262165	0.0031640552360253094	0.015478717435914103	0.06424790460304013
2.3895115801262263	0.15361341691506136	1.5985273276955037	2.9217569159873213	0.626800155186687	0.49387072419700373	0.20942652244908178	0.04648010264747931	0.0006938094044045107
10.71978102308355	0.38748547877045747	18.008653746806946	2.5651569143625963	0.2075980322428722	0.387801412895445	0.12147026028721047	0.010014073092970322	0.008913407985594979
12.124987562857003	0.7662736876151583	27.61710752664378	4.1246597064209425	0.6435955956562203	0.9067364656696253	0.20245956289755918	0.01407277521693664	9.131475305935722e-5
5.769854795077666	0.6738178088203379	48.28629870077241	1.5337344727178537	0.6716070635103879	0.8094152374573733	0.06285876196987716	0.04136488669031263	0.001719891988748501
9.778223840296043	0.7141771252287321	38.64666657264845	2.4807431085731957	0.3789769792947173	0.7589911316850766	0.04272704498869001	0.034351035140141185	0.0013636088567545392
12.221940861410115	0.5412737040956793	20.08498034824947	0.05201045513876901	0.8042345712653184	0.5101426785339997	0.24004447867269002	0.055718207475274464	0.0019466338892682568
8.379587326975784	0.6622587310644703	31.356572367493058	2.2291042417544036	0.7634989810220397	1.444691322467973	0.0008767770779934958	0.03174331468656153	0.002262982383817214
9.886097878049169	0.4497606813729424	27.229678153090642	0.45255179788571354	0.5496666277170147	0.370168049796467	0.10029430571837428	0.07709011359504328	0.005350949638832448
10.01835829871797	0.47976382889946284	6.651159930109535	3.536250053518985	0.5149553106196262	0.4483798782337205	0.3403453124769926	0.08362246682687123	0.07017447445631803
7.13914930761206	0.09215103453320161	40.66484445697448	3.0290685320084614	0.9291493597453877	0.4076703540524451	0.020132431485331392	0.09432562689942947	0.005850133315866812
9.347064932688761	0.04272317921269703	46.460422146697084	3.7579231305126157	0.6595572770783663	0.32055148167270753	0.019487816196992747	0.0615846663382347	0.005408230409407033
7.571739583952949	0.3148103076034724	38.060529808705496	3.7226291828226605	0.8284120678195815	0.35285156369234816	0.17391856009153833	0.017454751464805296	0.0710444693731439
8.056973391934706	0.09620828150201871	40.30907638389303	4.4309846816695355	0.20922181149874097	1.4285421310758704	0.07463923409660539	0.021073167481145474	0.007001982630401094
8.778495288068761	0.5094105133550286	42.20183626072595	4.439527141952904	0.030634866274026118	1.851802660904216	0.025720095760569217	0.039139646055447744	0.0001950360315573052
10.118033158069286	0.024305292103427467	21.948777204729296	4.427794275397434	0.11707213390333848	0.4125333311747392	0.12301356942639796	0.05434127206105521	0.002710462108955747
8.31866316558437	0.6176258899124554	32.021986224641154	3.7467616007561726	0.9883967447160034	0.4432930205685235	0.06106827244315083	0.005428733177447087	0.0068130542124369975
6.288968330480444	0.18934476736753714	11.118493264559149	2.166982673955845	0.5271774100774496	0.6293687432304622	0.013827904958294446	0.00042013014024787636	0.0046152452247437475
10.547305739992122	0.008758701112795142	9.149662178924972	2.5497808482805215	0.9886855283354039	0.040771444070359264	0.056486856668012786	0.05598573467484413	0.006772449066953002
9.904341899248386	0.7570090424310175	41.11002645001807	0.23838094738698912	0.5687612258305886	1.8190111711670187	0.05077007031175068	0.010607705352369835	0.0007969429647824988
11.809922531238074	0.23852354221116656	14.91712940353529	4.718297917932576	0.4916500137235127	0.31689649866357317	0.24494042911505126	0.06526612932830377	0.06108767998786535
8.698178134381001	0.5338839827576074	27.717566684589585	3.977850674825378	0.09264561181210662	1.5490083468061329	0.14448204575893908	0.010022248470313133	0.0015158127918103782
13.742127084261876	0.15909881070525345	20.90867717927909	0.18749806968170524	0.6766170479043849	0.20376690825389665	0.45220177081728463	0.006123863860238255	0.024615245894904093
10.682711227659114	0.3487283839730615	21.224510525909356	2.9131189435787075	0.4312569110513561	0.26055229541601244	0.44656539454329675	0.02152163166593947	0.01517030651154191
8.072534552964678	0.03679650332597878	3.0252665656407163	1.742972823110407	0.8762996436096709	0.5941435153071055	0.4902282401832006	0.05438888967509523	0.010749889174211736
12.44285135197531	0.13730182065113655	43.93449913376218	1.5716100478064132	0.9516748271618268	0.945704180781128	0.011742455278669572	0.007886256923630463	0.008402959367933005
9.448999856407141	0.2732568569702448	48.327717803241946	1.8613817415128753	0.03430483901916981	1.9739368044792593	0.013620933924844036	0.032838337862498006	0.005016024926895669
7.555848734691978	0.732200249511636	33.56398448270669	0.7458551102860689	0.8825663085831156	0.4698335212006859	0.0226359161905616	0.02605160094351321	0.0005373290976109613
8.701345175448669	0.4452500215437149	6.745474303099652	3.651466813535633	0.8737718431105131	0.3893527276538413	0.16675392940778633	0.06352070860468562	0.06307694543750418
7.985648241280322	0.49397169252342293	30.976612170641708	0.36066929282464966	0.6833535777401243	0.3629959520666832	0.22012962394565277	0.047020756402669575	0.04667544875062164
5.07220385851007	0.46719719393305037	10.946522217748743	0.707875364817378	0.5613578420465138	0.3871269147310743	0.04015836124975952	0.07699264775011627	0.005375511912536302
8.773128750220836	0.08915550398026606	7.37464762722484	0.20229855416179332	0.9221594543807711	0.4940604855259274	0.49561732153683985	0.09056811466185896	0.005469018586283458
8.868101488545621	0.27967379273608134	24.522128821485715	3.4917167081508897	0.9913766625207152	0.38002796927714155	0.0069104765092708464	0.012432887719313902	0.010286691444756657
5.849671844832478	0.04638952356668086	25.63932849228245	3.060337851613583	0.31515500689046294	0.4823981786189073	0.03317419673840005	0.07387569571010093	0.0022403889856846605
13.607346198363183	0.753074545259857	48.040359782214175	3.784629818358065	0.9837170148755845	0.5529404220696443	0.45862316299863004	0.06779872971719302	0.06781568396304304
5.0687439892142905	0.2966764594555494	6.42734612068142	3.5458470108954	0.9431277272201904	0.17576931000801577	0.0688634654345569	0.04256895679799832	0.020275993843522824
8.91874249271133	0.4483819483634039	21.309268090832994	4.695992929939861	0.7679736460977402	0.4634723809895167	0.09539435450828021	0.002836792308741754	0.08203795674362487
8.396807092357186	0.590098962876485	7.178707985914901	3.732769222947101	0.5752068023475165	0.48741033938453193	0.20775097668906167	0.013375518167010015	0.0026111613502142195
3.389911380834689	0.7603009550089664	45.26177397882405	0.4680810018540149	0.05591742236494501	0.48985375188816627	0.02188591002657364	0.0007318594091400677	0.001315068311501122
9.798795642542268	0.4495450759611235	34.88944047466225	0.96878921712094	0.6985550097257853	0.5885745145306096	0.0035062647861425766	0.002883174503452957	0.006782555920886402
4.947104856997518	0.1045108773759118	26.17784685320876	4.126816310721194	0.1869510682490435	1.569474809770294	0.09343192433228603	0.06577316557785236	0.003248351066605504
7.04758426978503	0.007250284111212424	1.715284070217421	1.181537078575623	0.7952072236842459	0.03635727023325863	0.07439200407241559	0.01815995813290694	0.000812417098798024
3.391285106925468	1.04134158811131	16.42348373310944	4.995462755997987	0.3674941676008404	1.0909864106225882	0.005846149520300714	0.012480328755241112	0.0024881020565664215
6.813256068519073	0.10873874822479263	7.211670841662693	2.6879968565007766	0.18233268095384858	1.7406116786142272	0.05454640884091122	0.0067110113466472	0.00798833522557001
12.727010881506699	0.26348034884473875	25.43456517711638	4.561277502580646	0.8091565245577773	0.25683204130865356	0.09000454400085689	0.04549941936384186	0.048657072804595594
5.938250266753653	0.04603088220100088	12.24052160909745	2.270031171184934	0.21982107274809448	1.8380229900082297	0.061998369403872156	0.07410431605527715	0.0007086605530025047
6.126413583649578	0.282580430225429	2.485974264203633	2.006229216917916	0.11252259628971417	0.37035559531326556	0.38949735671732316	0.09502529402726528	0.00418889911797552
5.949954910697618	0.00011273008385320749	31.984648477841514	4.697997642344664	0.4107647572249279	1.6711088717628941	0.12235415762222213	0.01973949242534977	0.009281487901417852
10.802463830312002	0.30183937927195803	32.99493301405869	0.839459972530856	0.8723955827921451	0.32275125961917595	0.262324512961882	0.036140835164010864	0.056226785183964206
9.679880815884891	0.6468132903270218	45.340049183044556	2.94216611472047	0.5518391927259151	1.2915036577941945	0.03345733792232153	0.03783680699615878	0.0009978021347925136
10.443106378945437	0.2135184271780564	1.3649005536959968	3.1983302393261437	0.7284087899442716	0.29663232451701527	0.03812949049336889	0.07735264878797232	0.07432091275196447
6.21455273977631	0.3062997498755624	35.973186160917756	3.4356719042259294	0.4649855394783964	1.4748434942457127	0.048456345889052066	0.02141567192657138	9.71386192447632e-6
5.907963266231252	0.27061231608897385	18.704997651873477	3.8812265420639314	0.8490951504138546	0.17303655427645936	0.26621174322304203	0.09364816460726016	0.02439403578510757
8.206028142896914	0.7537053431648462	41.82163300608035	0.2474457207774794	0.35917799088872726	0.47375091310274353	0.07706711788028547	0.020935781212356674	0.005377558852605247
12.229220420187524	0.33903583544683924	35.77717650322131	4.751939282859813	0.7152014042496765	1.4164644468340484	0.14277973800862026	0.013292045513526064	0.0037595309194527918
13.095530403594521	0.4737732282709165	45.48484697856862	4.715435716430152	0.9023429383354474	0.49825146727001	0.1980844687592428	0.07737531912692587	0.09457988527628425
9.822484106923191	0.9586259683332374	26.68220063020647	4.740687161288729	0.9743855341720674	0.7408890153576719	0.033024549511234014	0.04024321825177272	0.00037433922328947714
7.879006692543136	0.067142213621257	10.334976784568806	4.233548348051698	0.8678072896448229	0.2987938814973239	0.005890121117139824	0.007058239479401429	0.01573913309585987
13.21053445711958	0.5621787183673144	40.97575278972755	4.419059963128836	0.8164587641785871	0.46762634077897114	0.3125655901388629	0.017144347501936753	0.06582148034966152
4.167715967597348	0.21596250565974495	35.75252438739903	2.903957191456806	0.1326159937657907	1.6932214837547273	0.015453400469888523	0.03835419217177674	0.0011165653806688546
10.183471541706833	0.7755261694281583	14.341968776263842	3.3674507496083024	0.07663355337868683	1.291059816519461	0.08000918420748793	0.01449342941128682	0.0015999018213520679
5.663121100896531	0.04549528903822947	13.960151993752817	1.7153873023169557	0.9376353437276871	0.5674954758029527	0.47526887019397696	0.06926431723353997	0.0029814874449182963
10.45539070765526	0.5170169748345457	29.45234103005472	2.755471273581822	0.5444378677459686	0.310293770958874	0.24801783463527222	0.09347729051240997	0.006054129063557335
8.868195685299325	0.44440938457128226	36.28351053017327	4.08760635639243	0.1441973106953346	0.2685259422388584	0.007605248592747527	0.021103785820133992	0.000468864475579911
6.749041134809881	0.15149314957459786	19.689367270834545	4.464770546482001	0.09787937393620516	1.9209061335224848	0.07316632754923258	0.01294987393264484	0.001197590709696872
8.22676922327379	0.4275964091876824	21.07814555935128	0.9046362776418299	0.8252765279368605	0.19389337400620144	0.2348278270595418	0.08676218771799785	0.01583567008303499
9.699622482713885	0.11837677000398733	12.051397148053	3.1298123418004815	0.53891176853268	1.7739748807333353	0.05566064235302903	0.0174041119586253	0.002648069294921918
6.574239050092883	0.6111800945039831	39.591555721554194	3.3013338865913457	0.1892843196248979	1.3892852845727564	0.16139475065196468	0.0072976029734863725	0.0001545970222121884
5.639374996515924	0.2615224061700169	3.112789587977427	2.542127991767474	0.9035927622983541	0.27227772089233726	0.25300343220041305	0.019008100873258396	0.05103173887029731
10.836551502864443	0.3509765597250759	37.339146118579194	2.9899352379609248	0.3504248527399334	0.3247414558532016	0.4516773016841705	0.08195758697978434	0.04335992651834833
4.478827463893475	0.1135330133628073	22.537650918923514	1.016274702542805	0.829165734402055	0.0589419924417085	0.04024626185842495	0.06222476251357613	0.00045256119205667745
6.148454683097377	0.5399023780175684	39.27480740994891	3.2747597776557438	0.9272534045522729	0.7382092667205624	0.15106881017999346	0.010134053214934447	0.003688522746371026
9.079100086341322	0.4234841294702716	31.229123229554105	1.7639430320544491	0.8753617796444396	1.0262472667316653	0.028847608366672495	0.028389909093536683	0.0046324049549215434
12.209600121114324	0.6591167536549842	46.80474482924991	4.490522672593083	0.6508731215547869	1.0039856334042438	0.14416248116862507	0.009727719751763932	0.0017647024961168212
3.5324443370037417	0.5637393829065511	10.46791146010504	1.2951690834642955	0.43036098610663653	0.5089924191864912	0.050660919440919994	0.0025858438354345427	0.006547144426186558
3.958737894313737	0.2752942905256735	9.927631317760094	3.666540149759947	0.5693433844480699	1.2519446411884263	0.10771712695577385	0.07031922776006098	0.0029359129705565203
7.180131488987225	0.32286755534755257	47.070485013190236	2.3836391928375598	0.7334966348728371	0.43415994692524085	0.04537422186720702	0.08063708889107878	0.006328350989647258
11.492360294537253	0.36532482746769895	16.889979428043215	0.1228797365111639	0.9085206596136118	0.2987977804679398	0.10935580723082583	0.0692630127287992	0.008145674498169497
11.013936184372639	0.41308357531405615	5.9850658950543645	4.299625873192917	0.657334296056834	0.5012289933307643	0.3586928853013129	0.0016855732986225226	0.09075520076613897
10.338664408030255	0.4541982014056718	33.22877333805771	0.2985641865483307	0.47725005732234826	0.7078793098991736	0.3470602326409627	0.025206114614522615	0.0007429317542000047
8.009702000267817	0.4899542015675194	12.160701925500067	2.4287901285615203	0.0755336098840349	1.202184474211289	0.09958008451243877	0.00883027450675612	0.0014861600401737452
5.371985034401033	0.4707065563112825	15.34077302586352	0.49859380862045666	0.7396283798084924	0.4193824766153824	0.04041369246639198	0.035578784457624545	0.004637394307355569
10.893729031685902	0.27679470121931743	48.00925850197362	4.538136130302942	0.16755349006418785	0.5577902966310551	0.05034811586463228	0.07310704262124278	0.0009774916036182745
3.1895705995294312	0.062071059856005084	0.8197461965178954	4.816198369305199	0.33970836355647416	0.4494274856789855	0.024856116185777932	0.059995401255237626	0.009463085603869959
4.521405561740419	0.30149482113598847	23.24550349999413	3.1622071761886748	0.8798262648260531	1.5934658154167403	0.017728206925518186	0.05665417058051613	0.0025185824491277156
11.002620630517052	0.47608683790346584	32.59268898355865	1.627935465280645	0.7624578234961866	0.3787439027207937	0.12465071361445762	0.05627672523303406	0.05769559369385063
10.472498303569864	0.9346105174756938	44.429984605386664	4.604078723166161	0.054700178970151336	0.9134554545270155	0.002267109393450817	0.03475981032350669	0.002531445970805113
5.104208730865874	0.2590863545918775	17.197826843772983	0.6839788166262856	0.38993427148754267	0.7604218847975668	0.0136059784396102	0.024700626482724676	0.0076136124342204075
5.229911157984947	0.4691008448998494	8.21229826330735	4.572370015062232	0.7121253259112853	0.31274394022178975	0.29977753777690724	0.07641026681777778	0.03885059207072799
12.693441681371265	0.38220608074518725	17.912360369811815	1.5050664293071925	0.5122376085522305	0.2768432577892874	0.3307961471724308	0.08381156246896651	0.029462336489469276
10.662530222954853	0.5604452088654225	5.79761223014491	4.097876455719469	0.9897046314816357	0.5078669561728812	0.4643768733046522	0.03741525975134907	0.07710263520501746
10.366887802770657	0.284945425106185	20.72182866153994	1.5312444380813373	0.8723358958541051	0.22790684028228703	0.1333874154167003	0.07755070609601944	0.03659619087413807
7.322129580270427	0.600334976858788	12.454288580162153	3.3570057157090543	0.31026917738906545	0.8115673101691734	0.09116348469698937	0.03674538992123618	0.0011761058068214482
7.054704627397857	0.27105001420581465	5.722767439549914	4.138400569840616	0.5924102117858603	0.37279034579778836	0.007073734963178313	0.0982753252699332	0.004800987948433933
11.790528259476531	0.053138919014093455	41.77467679534916	1.8539178695341758	0.9495401792815245	1.4369529218563677	0.013333129421037426	0.08930796628544813	0.0011119029484667586
9.849785889279643	0.19597320090417175	43.4802521949781	2.8751421566466524	0.2828320980502783	0.28826168244856265	0.016118502744556895	0.06823355238567724	0.0019066653246077037
9.789499850381334	0.07239592258737382	8.125986014072112	2.0867126339096225	0.8667374730757482	1.48811015344515	0.1111654793913956	0.08448425328684211	0.0062434678766052805
7.345108073464791	0.6028611510368082	46.29068464468079	3.8807218201222367	0.9835644774047708	0.3791303714271208	0.4464243740624374	0.010293411167234746	0.040504146904387445
7.950043895978361	0.38035800575154527	21.312992751118585	4.351559473684701	0.8632687442227728	0.7731172270663105	0.10599356593824055	0.013337145231886494	0.0026691340202877668
9.01697730557279	0.35248237492332285	16.736328049488247	2.7552186074200002	0.7270641744139633	0.4087831496440053	0.071650678823163	0.09516016032230722	0.08547209805590729
8.952806235690115	0.05064181933702405	14.582730370716662	2.1638065689720416	0.6833418909937247	0.052153024542162196	0.08556786803767352	0.02775178225859696	0.0005477053726085868
5.987642914357382	0.582254438563033	27.809500312206275	0.8144752535616961	0.4477485929884186	1.5942380012169075	0.019589812300880582	0.04263197055589905	0.0019647661319295187
14.645553602453777	0.43009617359786695	38.55272907292775	4.545978916345506	0.6152112470895927	0.447490927532042	0.39044230561045273	0.005259576053378234	0.06738660569166399
9.239420780434354	0.025632854503309432	1.5199004815691808	0.10051405557075954	0.5934906693382742	1.6162069031158217	0.16361606889983166	0.05155408854043003	0.006978272443552924
11.109893831023697	0.4522423587375557	12.432397094611291	4.557262511502213	0.8326102057572635	0.7806267978430959	0.24614504104328871	0.003886468155064027	0.004289817963958698
7.409572908938931	0.04138103808668325	44.02147686031213	3.3295539815600135	0.256703733475272	1.6003287222340312	0.05631813836035804	0.027468464358578082	0.009564384209831345
9.368014442510901	0.476147273908452	6.984966119285707	1.6937331722711368	0.4683722568789279	0.4762576441138404	0.4238737915446741	0.008280560319585717	0.003196956093933512
6.502712751742736	0.07789024757742574	22.60612482497657	0.7715933202464031	0.9812399692458359	0.4660678985202813	0.033102646864280105	0.06130407977821112	0.0005172704286602103
10.161535978399472	0.4919020835998734	36.127801609967904	3.2052079260468314	0.7102118025778229	1.7420050149173074	0.029825175494629652	0.026228469412834	0.00014772450053086584
4.093328597951583	0.4055386106585345	13.900002566887725	1.1496799150920616	0.9498733109330599	0.19532015299269045	0.047414069979650975	0.006781434794920305	0.015534497891172417
7.662801683735815	0.4632538499965628	46.86992939046119	3.5166338176402427	0.07256125156910442	1.595602449245205	0.0686475221713308	0.011433787257953265	0.002432852531579122
11.16452870585766	0.5403993889482988	42.00439834573087	4.702298614707666	0.9683024286577593	0.5244501603107925	0.0036502995589676734	0.025880777941510082	0.008228247259636634
10.291962923054278	0.3337583047995894	6.134922161089785	0.011667043730088644	0.7360272181933915	0.14305239388572955	0.10817461218572416	0.08622008875393071	0.01048457309154678
14.910218212576366	0.45974702386413874	27.16036361743686	0.09566228491401263	0.6247937362785685	0.35605484858469927	0.24212465154137897	0.042672647445100666	0.04580288892051207
9.728866463283422	0.01696653022239586	0.6702987224366352	4.279539040862133	0.9255363771148836	1.6372320743493556	0.27260728628283326	0.07759799339959057	0.0025029294538605473
14.479879426593504	0.2643289860881749	2.7206286955276218	3.0766012613978297	0.9353108830921754	0.34308377535083157	0.3379176888001874	0.06528444760197148	0.08296625309212469
6.569714062764592	0.07233774546512967	17.187788808546728	3.5549295679821284	0.7544585911611051	1.8528496208085703	0.0857830988857447	0.033618726716291146	0.0069466996789299355
5.860704566840541	0.26577540625468626	4.348489313738063	1.4652946636775765	0.8700972212541537	0.6537752748624297	0.013214884298462015	0.058822208731411973	0.003285087774958362
7.412463061269904	0.36625540987703015	30.270682708607644	0.16141951487933903	0.15879443818184635	0.5686005443403577	0.3440412325848213	0.0390340349653609	0.0023356690692850957
7.8853484417021305	0.14563427676679086	43.197271324930156	2.351092662304561	0.25457806232802016	1.4541040334084485	0.04213447236906537	0.008963371652898844	0.008181825140252409
8.637438676530516	0.013033842566103737	8.16203211969539	4.640851923383255	0.5999534225387045	0.5427453823409476	0.19698580413888694	0.0030882562384941695	0.003155703169461033
12.273655512472093	0.5884250065407515	13.549706270428018	1.5082282154188205	0.6047435622327848	0.5806959910643461	0.39825940888109995	0.008146891849350635	0.08607389079244233
8.4753929980625	0.7306007780561774	22.616256547596304	0.07851525288260719	0.5364704438440143	1.0225659545184498	0.022509050303133327	0.052657061538091035	0.0013251557263783244
11.656300299433596	0.3262169936155608	32.8238151936825	4.135753375375831	0.8604326285162771	0.2115417826975441	0.09254634086820313	0.08835571825246077	0.035162343481455104
9.656636049210366	0.10377405028946185	2.498518793670468	3.019091294907424	0.4669968559809756	1.4768885321685004	0.10680226198721549	0.06389268515179548	0.007508099103364996
8.13065130619117	0.8008296552517344	11.730593372742371	1.3714392869731395	0.5628651174709891	1.2165983301469179	0.03960815259896644	0.004752965458364145	0.0004053751281377971
12.948404299568129	0.03968129451325492	23.914677061590044	0.309180776664178	0.9328189878693601	0.8913580012889017	0.0982173819984889	0.05319828915989938	0.010105986717258231
5.861095341010059	0.3927991339489748	4.1594064556059855	3.9663441299565294	0.9142616784894091	0.24172227241693633	0.1859866939051768	0.09644119586160885	0.007100459800979198
7.01479887922695	0.24843562629355104	6.315416007373736	2.4107756426499516	0.0390856816758276	0.46954873052328683	0.014579286707744665	0.03346086456171188	0.006312179408577168
13.537445658898083	0.4707800247420219	36.34801616620748	0.5811973032367251	0.9884183240020423	0.49043950538803127	0.4760256934080651	0.036348364406560654	0.0779260233567372
6.627811573529431	0.4240210607017082	21.151699749975307	3.4657481174707243	0.8659707313244225	0.6321717408962779	0.10909546697070771	0.0458886413359387	0.003721850927968795
12.482280484986042	0.6855593661411239	48.479948057820046	0.5383897517669167	0.7836791571803384	0.6272039159555751	0.2482954159328638	0.0019042296939881355	0.09252760692545196
14.95531404122939	0.3851503303234701	43.29814624672747	4.018867698214881	0.20668273989844932	0.38585867112288597	0.3749988108216026	0.026996949095724622	0.053358217185896395
4.697455778668446	0.5297671695102858	47.982746951919545	3.309788838707081	0.1416267815827098	0.4308096909678518	0.025873964974127917	0.008792125949871122	0.005524455731885758
8.501190505677572	0.5043249135382579	45.067991820968125	3.982142115922773	0.054268939473424704	1.2624289282915115	0.03928831599943239	0.007929444571732136	0.00384869665359221
3.830963391996196	0.43361813004144084	0.04272784975210553	4.611326132120471	0.22232899007339235	1.6178073501125712	0.05601518245999926	0.04402395617130997	2.488808745571003e-6
5.559002149012722	0.17384336218100155	10.861816531659912	3.9579839683114493	0.8507689805341654	1.154491724997032	0.07831010038272324	0.04346984167595214	0.004500611270160016
9.181248268250409	0.4281023452888541	49.873725519494066	2.4169364308467007	0.2255311931741606	0.4128485352061759	0.2849825981671175	0.044153846574993244	0.06041663952756844
6.777795902938833	0.32014057660922035	5.593931385045431	2.8813171871276055	0.4404275539228636	1.537076656696432	0.039993226689920225	0.06349263395315044	0.0011700552169797485
6.938350991788273	0.5851923913363661	26.013747054939028	0.9010704589380097	0.8238825773706662	0.4272201394309061	0.019969663947086158	0.0729267798937379	0.005123196177487322
5.021449196468108	0.04476534521433995	25.197501078589767	4.90860384217657	0.11013308934296073	1.5899098145050827	0.05040420931388778	0.008626099556378252	0.008755424866925833
6.246549542583278	0.6534236124389243	18.05969700931366	2.523564431193153	0.3839501050956228	0.5089768017979082	0.1798330098604054	0.061922713034757854	2.1103080091888773e-5
7.1639855383300635	0.3752686402071431	41.27469379706524	4.4888783182731915	0.33502848847429934	1.3402116805269666	0.02155374649128905	0.01682900771344419	0.0035446974469538484
7.536180713342501	0.3015938630063325	1.7675804279483065	1.6004563002730054	0.38811525850739337	0.2685600254322089	0.07753842016944484	0.048677065998852256	0.005607863969492821
7.565793386162251	0.1696685032762167	20.430466331403153	2.3113070397107105	0.30343550668068797	0.24047268931401788	0.48994299648226836	0.0017521576157242258	0.03958899390368012
7.13582953266645	0.014781612512828168	39.097604241123776	1.383269457454901	0.9349599981471576	0.27289207348443245	0.07022577540852415	0.00327701226457402	0.00023666287671634257
9.489797703385454	0.2240435355881475	14.299913144244996	3.428918948195686	0.7198803072409181	0.5660913275252495	0.015323806396063788	0.09028084542797914	0.005065297039315276
10.685146574146668	0.45681028917679206	35.640956230094304	2.1123451726800986	0.9049225286610239	0.2366215238678302	0.0622196929220421	0.006301449902574064	0.011420956960132223
9.75887112657412	0.2872906365155802	15.52374422123548	3.381808170260756	0.8890962815203075	0.18396882327726427	0.01679024337113577	0.011723847596163373	0.02149506569378236
6.36833550519847	0.11783979590824145	7.880750008553422	3.773552454431349	0.5645453341757122	0.15432518513179794	0.12706206261625264	0.041841563999728465	0.037885137516046524
12.071209531368652	0.45812894245436947	37.777523853506246	4.31128726020085	0.8537231058165167	1.1189865383368982	0.08851287287021248	0.048526456428722366	1.0853045155567732e-5
10.97559671669444	0.1647663519280786	31.90694293031056	4.769201956395285	0.6435888273057683	1.6986899749455049	0.13587085100778645	0.009241250843702064	0.0021449308864935346
11.72299271094262	0.6113046183818718	48.5083447154689	0.40742415214866157	0.7578511195914466	0.3266877219918878	0.3663271559207853	0.009886431047378075	0.0067359938760921285
8.006846944006442	0.34227406603073135	20.665390901780157	0.6808638251530036	0.23972706384164988	0.34728158669109743	0.09138807252415998	0.08468341871835819	0.006320386236965359
3.2062777232451762	0.17630779167006172	18.662397042054906	4.098986932235559	0.9793256190900275	0.639184053978997	0.027419259834613408	0.028969864156758576	0.005631379816479776
11.470993266565674	0.9637660455590532	46.11423815913792	2.1614126549500083	0.2968586235180415	0.6067176462018442	0.14695464073848347	0.01012815495183046	0.0014653489631219264
10.979672448896824	0.6168910164013279	31.116809279194612	2.7842289982275603	0.900937482949501	0.42999073069111926	0.004029884566142339	0.07675037747712003	0.004658251533043667
11.037092745474512	0.03850519746607678	8.641747916292047	0.1115501480499681	0.8613517042883652	0.8010157339675001	0.27200351127768624	0.05589337279115572	0.004357372256308978
10.175960182728677	0.5055635296059415	36.86758615057798	2.410071423105156	0.8918558613339479	0.19850038329693187	0.134137134392935	0.04203709024556473	0.014345154820051076
8.146174660539103	0.412361116411773	9.77972309363802	3.545583748381009	0.530606697425232	0.33206676812172153	0.19639736051500262	0.07170984044648736	0.05312446508203598
8.672325672220943	0.11903983525429906	33.17599140302237	3.636481070317046	0.7450881708461243	1.3674183643874445	0.01005369058262029	0.06254825050779442	0.006178053004652906
8.737856337609367	0.05960995670864516	41.72530915411456	3.6855156750460534	0.6186924518606113	1.447849268495418	0.09589256351523928	0.0013956761096108662	0.005302276854842414
5.416533237149932	0.49259138371841515	49.26822640013833	4.014874569248585	0.5289434936736761	0.7701842048628662	0.3038687970040199	0.029997724692189667	0.00016642369572981153
13.64912850094568	0.0039769747634008645	31.325594531849895	4.634101938552761	0.644535773226416	0.38240449492557205	0.12486478721347366	0.07047819746180166	0.006900047669174714
4.610979389059246	0.04971195546093543	29.275122491503236	2.4606449140348885	0.5099072186685304	0.32094173197137454	0.03333236846918497	0.01603038265055139	0.005347589907732375
11.263740009631581	0.25844809450427914	20.178083172317447	0.8142900918344914	0.0722583969980507	0.33254167901007636	0.45233978523962237	0.05660507142203036	0.00846894161871462
8.035423748416067	1.1806259153505518	44.460752281716594	4.450398110408697	0.6666631905898317	1.050626538280272	0.004252641824738557	0.0532370963073774	0.00029035443269449513
4.961961998904459	0.7781615656603376	25.69725296089058	4.6336600405052675	0.022587609806206	0.7349132362276041	0.012665193435316802	0.06883737912146366	0.0013683684323740454
11.517749168884441	0.5594045431064794	29.240143115514268	1.4547908908073	0.7117743923529799	0.44968817982388565	0.01235232186115015	0.03542398392766818	0.0706006482643173
10.754061599385883	0.018391167995986668	28.908468134790223	4.4914191830443855	0.9221820222785642	1.1520632858060702	0.1625248079581298	0.06720362786362127	0.0017657855947920131
7.138853659658729	0.55021644450582	38.182803559812264	4.660544104468984	0.5295646001333912	0.47856570514812824	0.48333162167499394	0.017652380388075706	0.06490169050789966
13.594479913768694	0.5449321374981957	38.330307432665776	4.5689970668650615	0.2239015060738938	0.456738015785094	0.436609501987236	0.018474053775750055	0.004921870119116845
9.321330511303804	0.21134773560112047	39.92585697723469	3.8435475943097606	0.6545875883458859	0.26996965029516495	0.33584041319470015	0.04394476299661753	0.05471362249848091
8.23235977628329	0.1002738844869725	48.371140204852246	0.45893842538360874	0.6341809496886396	0.3565802758638943	0.036162706768813	0.02124920659784575	0.012889489655149557
4.556852314289367	0.399200016873433	42.61874703040048	4.098706033790862	0.23301720077624466	1.1340412683636987	0.048584651142477786	0.03337641438213695	0.003974715030714138
6.674818139449011	0.3112150266307702	46.09617138955388	1.9207550524022377	0.3691590647645824	0.27298338033607106	0.42654991193381436	0.02372476403376396	0.03311171974812861
5.386692730282844	0.29707818137136194	19.398992043159463	1.8368647208011524	0.7694810734862387	0.2011305886661896	0.41305870992068566	0.06354409881120886	0.013108565905028314
