30.706159398244782	2.8342994600864753	21.80509298252209	3.776351734423247	0.03207780047687059	0.2112130141534152	0.48650929758265765	0.005844539170707597	0.01836800757248617	61.93727871731741
71.44284610769455	1.2360762322247065	16.42098267539101	0.7122527350335445	0.9930234411977759	1.9725030799688823	0.3461556522852755	0.02878935253932907	0.010376411362804672	37.201004619962156
35.85087934427803	3.426264485406594	28.65737903162503	0.6625900357907916	0.4714912848193754	0.34415672493528016	0.48645333620599135	0.09671355011699909	0.0007253710288769422	45.08365321578938
19.019027859869595	0.741201377484641	21.114750479556875	4.184550647766873	0.9648277340803546	1.6847691835897618	0.10060136420414173	0.03853503297751107	0.010425849636729923	64.17325734867062
28.165853106658634	4.41634760282253	31.48273292480996	4.547727727505783	0.9543532681661926	0.7209021971871179	0.2370510546324403	0.024939371031199933	0.004487359091799858	53.93910817893734
35.538607140600355	4.1541944292445745	49.832269973841186	1.297931700376835	0.7206992848517288	1.4568991578876687	0.4398393090532886	0.09010837317827258	0.005129018962871635	30.77485925434028
18.352813143179713	1.5890884531517058	49.24412067863641	1.2938661902591027	0.6723016394463446	0.4565047036946923	0.17449437813344265	0.03700034478073089	0.005791448483876094	53.63291666230115
19.49688622678022	4.907122831354859	47.524906722236786	0.9602618966279863	0.05564485317968815	0.20502741807907854	0.25297688981555144	0.09292989090429812	0.007539814504654608	31.635069313767513
86.57234872438434	3.1099990808410016	33.354083651443425	3.1948303495778307	0.8618983081966871	0.169733094037245	0.48855918545664134	0.07789829087105316	0.0542626598558025	49.04616943547738
51.60358628202976	0.3764223956651691	49.94350481576032	3.313003114545009	0.8615071896853065	0.6569870747453843	0.18884840151088728	0.001033770814317292	0.010855780235142876	20.40539204539981
78.88341718400419	3.213348537649932	23.77741755560513	4.612786059936536	0.07244280522406543	1.384297176343697	0.39868860123205324	0.007335608287891204	0.005506144450837836	70.76971124156968
13.243675836556324	2.9013510899052135	38.46716771945838	2.4241897256650136	0.2567342952643866	1.5407913627245997	0.19830626931234074	0.05459628676931688	0.0010235472731972006	53.371013164629524
86.90556777090602	0.9528782510244449	29.259769750531188	2.034950387206166	0.5323545262690264	0.2589379429212131	0.4002050884870398	0.0075723739055272195	0.01666959302290678	39.03819374590593
21.8275556695958	2.9797098954224266	20.308140996186303	1.234639282366592	0.26995762630533293	0.20745327790849544	0.14610274527031586	0.06989234826490413	0.000838043699372415	44.33912525007319
42.258382122890225	0.3087482795606189	49.00669758465669	1.4343646111805852	0.7338484607202923	1.4171441904306934	0.0414754818493549	0.06995057944837964	0.008373341049938766	43.56322433992929
19.520703286129514	1.7138142473836564	13.052393123106048	2.726625499092694	0.4086343359551762	1.726741734192722	0.44056761201169586	0.09573347834227557	0.0009353591506637949	38.17418282084914
90.19720832442918	3.051280423211546	30.085528148532376	1.3604917141227584	0.8277708799157519	0.5464469437241672	0.05721146730926163	0.05998166043649927	0.007612277234671217	74.36073030247643
72.13049374555213	2.2976565689382173	45.07384907106238	0.2544512488699574	0.8420379109023256	0.18913925109852725	0.46073137086541377	0.048524611351063764	0.01900074683810551	70.95075208977423
43.701335518583726	2.2510631378560797	26.102627930942866	1.813499576736917	0.4879212540556671	1.0954160894685365	0.45723617077509554	0.09404228176782585	0.008886413593514343	36.4994234493708
7.830604751903126	4.934589847186455	30.233962750692662	1.891227184757684	0.9121385278770779	0.053998861425817335	0.08106039033280821	0.00021665830773189845	7.44202187008547e-7	36.81609207504212
52.81283424718804	1.0105512801544885	49.30055909871888	1.1099066904085508	0.8318378072114305	0.8729129097325841	0.025448827827474207	0.04932545136109382	0.004497706114972322	44.5078023621963
18.662024594714786	4.269199137593281	24.230360293698862	2.6532005822885836	0.3065408142569893	1.6109512458784245	0.4918772836782403	0.0023757606632100695	0.003280525103184784	25.884780866589146
41.491711357634955	0.8176219107124927	26.75772967441893	1.1384664584874509	0.9458893953705326	0.20949070384169444	0.07003485698230588	0.09827408085330501	0.0027785229095454336	46.02146843734923
70.01444088604258	1.704899143871899	25.99325486808135	2.689551629410938	0.28138946589108516	0.13495919564173775	0.3069586257099887	0.0883809367985845	0.013176166903827903	18.1539649294339
51.5208826074896	1.4124549921484697	10.478545173613323	4.481053306606341	0.39917662105676854	0.8303799348637049	0.20921476358019764	0.02108633146677067	0.004047229237765559	29.162654840644525
38.549367300569635	0.8635958954951362	18.4589742518273	2.6437958853499173	0.3385302023232307	1.5367782025150694	0.07076079416564135	0.02732744197235412	0.00991685397832649	43.96349076314888
16.59112020217667	2.7511255188951464	13.582102991408018	4.469962752899227	0.2029436506241925	0.12788771284261302	0.06384715763639676	0.02184909415705312	0.008839210704784184	40.272517515374346
83.94731942754144	2.880111601041431	16.815724610547555	2.48420118508907	0.301745748610012	1.4079154103327427	0.37808420164536677	0.08732341534318656	0.005241492908615209	28.88326257446157
36.58302139524005	2.736274076308037	40.18844429681449	4.692139425845892	0.8201450426049963	1.337117025453203	0.3566879960485351	0.0037814291802946935	0.006031406766977988	68.25086647278135
57.41614119508532	1.4550298510344661	34.70272673061134	3.363597609679318	0.7253884082120391	0.23391679571266177	0.21747569208040535	0.05230502266000806	1.1394209147042034e-5	37.204775755198646
20.523538338486404	1.7388501299844283	46.57874084964037	2.356653232223195	0.8594999977834898	0.5922877993735378	0.43740963054313575	0.0015642235338579114	0.01314575894073693	62.61294972067746
38.8867097688829	0.5324945031013717	12.026388175036818	1.599279306612752	0.6651475793999693	0.5765826090752548	0.08493346448880035	0.08177092469498987	0.00862134024263248	25.24029092813909
54.596123064304294	3.1285795067854676	26.607293265420118	0.17017045224051897	0.4863931921921131	1.8404247550286643	0.4079074633256331	0.06064864661936595	0.0033427640406848203	17.24930502402813
79.9060966340048	4.12839001903219	19.086350103576216	3.082493825243975	0.6830394305753981	1.2101135271623968	0.22071852228912237	0.07279595481351528	0.0012905765167897543	42.9159549614904
27.174942041890294	2.322728451236293	31.07076801074901	3.774597434883419	0.5940952952956384	0.12833604948600885	0.4127318013151869	0.04788980170798233	0.0019250840607232035	9.65351539040257
26.46228115794291	1.5153766900457462	42.11877381999553	4.982316085624843	0.8508290919733102	0.1560143108408334	0.4181275494245533	0.002120185417970044	0.013705166695565086	21.637775861539836
74.63842999758114	0.9902810707326087	46.61333291267255	4.468620621808396	0.81772918539617	1.7942445663901765	0.3522034511519566	0.004267482832345348	0.0064239017764218705	43.45193799101267
40.782600564100754	2.495964646858808	22.011368270678826	0.8815350771694408	0.8696858776102206	0.15403674772096632	0.4097544234083347	0.046186090105462034	0.002096612333821513	29.9451299174443
38.58216114211175	2.239344803801911	49.855127278903886	0.731286198165389	0.1930150114630499	0.5925674076961325	0.11651478749719435	0.02944168430722931	0.005459503591485193	17.973910228238903
64.72330491446071	3.9514790976683574	42.25059541473369	2.1157057423820875	0.23683169353786027	0.9761962843651311	0.30567096842507707	0.05990491348956009	0.0016654218219512408	24.579883521364412
59.9188498619806	2.1886002432730605	36.64433104382545	2.8048696939576283	0.3890229970491075	0.4508142010628371	0.01794073908863958	0.08806938198747466	0.00586770115740205	55.00524149005848
44.60512675489567	2.421481029665735	35.434269802582286	1.8695123048777473	0.31169158909041883	1.1043011475419486	0.29089938810248794	0.04193007499631947	0.0014012437853058392	71.14681773144197
84.04881090096804	1.6937758532511955	20.328864267398693	3.068855899041474	0.9450283625824241	0.06463063872774111	0.2192935346822103	0.08766390487914881	0.0079323293269557	46.542615904211175
89.26778233782183	1.9284059698855334	22.417883756324443	4.992747088246858	0.8008545506635187	0.3861605400839969	0.05256561769431417	0.06668268084808297	0.004434058998688684	73.76174080196832
88.44949151295576	1.686458433638574	11.924135682301317	2.1509040243447113	0.949869040960222	1.565682267328864	0.3377440178600042	0.09578281413426051	0.0007145852562230881	27.182522613667533
4.935490947923105	2.3478500182308992	35.204886062089265	2.4999704965611738	0.7810338098571865	1.24973276868837	0.10678989280475021	0.041867301365522684	0.005688343180985689	51.899241589951274
14.522009468440423	1.1865848892753705	11.332708835526544	3.6047267060666766	0.5074419595523907	0.13494336860294442	0.09906502324113953	0.019793051030754127	0.007717301007909638	28.526528659285585
41.95287610674223	2.693747629409504	31.657400369486734	1.2349502985975214	0.4953224151005723	0.24607412752716562	0.04732881297885072	0.0025099130748437062	0.005634405167693213	71.38398102715908
58.79827839996423	2.8314976546493584	23.123747174142256	1.674848438063966	0.031647470381103715	0.7178926968631607	0.3648542761648782	0.08898069409846882	0.005668526183333489	17.788325090251895
40.52875063760355	1.6851453976295117	39.913527052249876	1.6923468306692913	0.25665778140170437	0.7868549621275784	0.0913535861344697	0.017961001189013483	0.010970519835126192	45.69131698423246
63.72012895921119	2.8136399792747997	38.29855367864659	2.473849975384277	0.3603303846710718	0.17459287813452207	0.4930667916612907	0.0390909438201438	0.006971975568016909	63.70587220275733
41.45367091092916	1.3993121486730387	20.178893586884033	4.057710882255296	0.3330890978717256	1.4523492942286282	0.1328745548500489	0.03763219127855477	0.004422953580475931	29.615192440701144
44.714325721602336	2.8169920288494863	18.357326157682667	4.844748477377614	0.3059297399712071	0.5594601519579439	0.2572887939814972	0.019530882727110302	0.003739166209037692	47.20316334667301
25.420516510266655	4.370197473945081	20.031230680077037	0.9727053475438391	0.4099443000165516	0.270392327889152	0.14352395680819324	0.013272514664434076	0.0044332616024866265	56.73724328213566
31.950220746803037	3.668495495058019	38.12944684052806	1.1518069226222956	0.30372172752189963	0.3954075583637908	0.37777646730046893	0.0052706849877276925	0.0074141183757148845	51.5499253725455
11.5771530842241	2.8613892916787167	20.752988197309097	3.9701363349211327	0.7636020766774447	0.14324192107261413	0.28849385658260907	0.010131049951288308	0.004019527016315661	2.330933468930796
23.26807556914653	0.8581834365105534	22.35814284957972	3.056039783667414	0.8878306348358577	1.1984845152010564	0.27698666008648337	0.07684673350888478	0.0019037172528509338	29.17243173121843
38.815199537559565	2.314844681240751	28.408281249692145	4.674746514076423	0.552871412014879	0.4253268734406388	0.1707235453540118	0.07135051316288894	0.0071583620600846	22.252587351804895
74.28199422403353	2.9727360697024094	23.273290744190845	2.1539072488295306	0.5527381147103332	0.3420515619073936	0.27350464655854273	0.08021009521803106	0.0022775231999654032	66.18905535494493
26.59180036816703	0.22387967038047352	36.98313139775998	2.5426391369772237	0.013102064757730125	1.9657647513858885	0.35953667519926297	0.06757401281416746	0.012192679670333818	39.08179294133245
76.57494289590025	3.2994816284552035	30.53207361547883	4.107213823333796	0.2447584352841381	1.8075962704694992	0.43146147144839264	0.00870619698317795	0.00595035480565469	66.77323790030992
26.210145443866416	1.3559015629434223	25.17712082476688	0.5355390291688494	0.7765832569635948	0.6897390723738659	0.26405445984281467	0.007678985203659572	0.015096388628920111	47.91477998894725
48.84362842164995	0.4954256939040591	39.13712043481304	0.6497113726755471	0.16486391182591575	0.6383802545707697	0.2438811686662693	0.0398323815738494	0.01653076080527578	74.70172479955076
49.862114190167325	0.30084496196967625	31.253328144781534	1.8201361889614502	0.3243421631768538	1.9657958200811991	0.03524664333323363	0.03926302885575547	0.009819343509837253	28.807003027123983
92.90828881642645	3.6296055050709706	26.031668786075596	3.6357112437423234	0.7498977676881624	0.8462038097095663	0.3797755261209551	0.051928699895966816	0.001473940271733809	74.68535770102318
30.703025125227168	2.410178103727691	42.87179868832288	2.79071327196224	0.8465974900047737	0.2801163001395861	0.4568514858753635	0.07625068086828302	0.00633353373961958	42.434070545131604
87.41566232447542	4.010599934451428	30.466682605836176	3.671261543487578	0.9638971019051394	0.1766469889026112	0.1215877567952654	0.04704545413537406	0.0504020862130146	50.50615288982045
38.06898890595086	2.961586160845444	35.99046600809661	4.466020396860552	0.5570846152317126	0.18358407690004164	0.3255303655204428	0.028116352160910775	0.008413582609478975	16.56667383946464
3.422805227300141	1.248997633615288	48.49806279234817	2.699744231644333	0.5609011639559226	1.0440597426439249	0.08426294224869046	0.05558995100122456	0.007494618998243541	34.011270543123615
34.389017375936234	1.066398983798451	46.696952054433595	1.6542682472371157	0.15408713382485295	0.983137472486681	0.0192506283089513	0.042766327767345215	0.0022360768614008266	48.096268574997374
15.958403870572457	1.4724543002647876	35.50975076969853	4.481735743386998	0.28682804884058	0.5453098484039933	0.47774311980989437	0.021663156032546885	0.009109645078470374	41.766933652997444
72.22346306981102	3.4083799267734904	49.735949715006456	0.4167795143814179	0.9623757364237915	0.9195158571929307	0.36837030331993986	0.09378228139441314	0.004837010648797491	25.00885173637994
14.553932143424287	1.118981450126399	39.58779124450095	1.8139965476336721	0.05554807876518442	1.150074883926436	0.06620305010446698	0.03137742716588894	0.0052056994569477325	35.174423920707206
68.25877243096184	1.7428980596462678	39.7488913084442	2.3212480004042146	0.7069862846729338	1.3937928967302065	0.43256492370998123	0.0345816260683708	0.0028725614323800164	57.02542498231553
18.598741723358636	3.815842548660111	28.987514486916034	4.952337501485636	0.5085682588472268	0.11401712954203669	0.006708948077690069	0.09115448951172626	0.03365570885794528	51.18124804020614
36.84457577839664	3.1409306630699234	39.80676971185923	2.9679754043402213	0.9378998295591628	0.0705303598784015	0.0418001719158434	0.09179963711523008	0.0020512646433490825	37.57723739177998
53.58068212045053	4.100403062943155	38.80032617174855	2.1753924050261215	0.09782169001573437	0.11200810946789908	0.2580002189966205	0.01765055100927525	0.008037590600387634	15.530709449822236
29.898977340396005	3.14029105994097	34.55908770777712	2.409407434349677	0.13528390902461052	0.17530617722023933	0.3795969851291194	0.05781760137119601	0.0027395218239915755	52.33931642379674
23.507088227234906	0.8486919401972198	41.86681884724426	2.316204246716146	0.2971779912465671	1.134787336957272	0.41217170272811154	0.045050939735755594	0.009661977906419506	55.00122946548282
66.85865372799447	0.8996143683789287	36.10378688557938	0.9984888389596547	0.3851327042707555	0.18319653317744744	0.03235870060712154	0.09810888031983744	0.02114104233743579	49.10922655744628
60.452515314223454	2.811826546170696	23.916364235202774	2.1196588297376566	0.7404335041538002	0.8742528611853619	0.19207618583928038	0.01737523965730209	0.007450988570393458	40.19278901293321
66.77995236412788	1.8097047120920573	31.220827623772806	0.10467087197800651	0.95888985727472	1.3530771710791363	0.40757364530923346	0.029580731243887683	0.0074373682929145925	74.9506847625192
39.98088239802489	2.6487832227988983	42.842825325245656	0.02509280549568671	0.6117327035006935	1.8545361077122275	0.2600897816917976	0.04905589663088897	0.004390778607827339	52.0172282650604
77.33448163819894	2.6055582232949797	34.19474841842001	1.7692483637808143	0.45796081400369815	1.711616119795399	0.10176259103242041	0.017392329702943243	0.0004836204096956287	71.16562547497941
87.18472763135668	4.671143732901527	37.56640635360077	4.878243224875874	0.5499863422938032	0.6353817791466925	0.37643232117516345	0.0849018160300595	0.0032239318026266563	32.15594318648563
86.516295666397	2.219742870956731	38.14903932471825	1.6058350825315375	0.8269603409081864	0.8577291157654232	0.05526427149371693	0.032428781013220664	0.0013787832499377207	38.88970684961916
83.25080342844946	0.9947509156773143	10.347836738916822	4.965465338290295	0.7298030806099582	1.3894675533518972	0.09458338729754712	0.08285026151032748	0.004173041118681042	26.99371549538252
87.93541246916358	0.400129682498066	13.566087074620093	1.4582611538756207	0.7994522300223409	1.9343125034514552	0.07906124447664375	0.0897718160180761	0.007363767092474838	41.52853088040065
43.683714194881475	1.5334963273247064	30.694903316593404	1.843895478208792	0.8383820815791944	0.9274026243012001	0.22586272818198572	0.053455010172206434	0.001826324190532669	74.87257964148507
78.40913272698212	0.6051480100295153	17.119543123705323	0.6626945336178075	0.4640912109897478	0.5335070906925514	0.03939108050492657	0.0918745030096307	0.012537650509275012	38.005012522340174
0.3036071881204139	2.6401077770901655	16.512123562195786	1.5304049983865315	0.13515033136187626	0.20172104680313852	0.3455268186438212	0.07267846504634122	0.0015046635634872964	9.387607783023306
11.159713639075575	3.601826348746533	48.3617057171604	3.222692468862199	0.9247665380452245	1.5290946320172094	0.33739065781492633	0.01379083315884605	0.001365474623326357	45.42153973456987
52.2532111191786	2.0238779636306825	25.954519801675698	2.187627817564758	0.520856129503873	0.07241891870006367	0.04262688521800023	0.09371095157134139	0.02731573891314041	33.07053306307643
45.85478670894885	4.192064912102863	41.79017630979719	2.2903344440415903	0.4535674628070041	0.16959850937815935	0.25401098423276885	0.09654208953424792	0.01210476150527905	46.75962119532448
60.67674175739758	0.33166199047240164	19.408315736208078	4.5004936896988355	0.6241261299597793	0.32291804827965787	0.010250648329325096	0.013771283031773662	0.01559480865054288	51.17315219727179
42.96031473327918	1.0614544722146317	37.238009740805374	1.9545305413962506	0.898285130438073	1.7661054421194322	0.018459172540461477	0.031491241655837623	5.7804634462499395e-5	47.56891423394041
75.08521311798928	1.4867149430471622	33.406490977971565	1.3722967235037486	0.4091235843811618	1.3019477748611128	0.41120143169749646	0.014464216283670573	0.008951177128978461	30.788955364798674
21.970557569751957	3.6330987778179185	34.783318422511854	4.418326696125601	0.8754545239199352	1.2422865245859374	0.45175911048698647	0.034986763235707784	0.0020772916520590545	14.479417312916986
4.6861785339105015	1.5391337089100232	15.172783112523625	2.8377033027681486	0.27904375329960784	1.894476532960204	0.1881552513819485	0.004982893610912887	0.006090577555304267	37.70850586078708
16.671008322906033	0.34306030684811806	26.14449607570289	2.342555977512121	0.17142734533166915	1.0701248694985643	0.07037405132246588	0.07133171575982152	0.013562316185679046	42.35216820905981
50.75604580950398	4.40296052426561	34.292750005303795	0.18521819429648312	0.8665812695651663	0.053070755596982044	0.10285808333110047	0.00559300867456567	0.0055707926186916445	40.00478807270965
59.10875835554085	0.40997944384939644	34.43302730132125	3.198706594817394	0.2507260036224429	1.0169185503987357	0.07916140622705348	0.006399861742985891	0.006253449474914564	16.3634854778144
98.85052572229203	3.3056339893369886	32.44455509984926	4.595390687465023	0.8473957262343081	0.8949896275284299	0.38275548213975485	0.09578773681172542	0.001989933267175548	64.93047556023001
31.28659591053353	2.5348991823507196	12.173757173895467	4.973454221167158	0.6925627873492226	0.0662985465220256	0.27788886148147923	0.09551685953156493	0.00010457792414758638	35.595223399927335
72.24812807800983	0.1724963086616016	9.484735408820926	0.25446225707488723	0.4890886984574008	0.19375488562797738	0.4573981050605114	0.0744139561807309	0.02589695104126686	31.15463015606908
46.42089289439746	2.4895614491380997	22.29216718704013	4.673299177320412	0.1927412743474679	1.771799490667981	0.23827485910755908	0.0723920164755538	0.0034769313795915747	62.2942044931262
34.31150510122121	1.1320470002633354	22.454113678820548	4.448402255883781	0.7393361454918815	1.2470101085850482	0.21314603829408318	0.07736551397396067	0.0020593524306597335	34.26080515020058
0.18045039893450632	0.1110974074770138	23.62903678095983	2.7763076538700524	0.22695211425801776	0.789716641658136	0.21317661210084543	0.03750620630496082	0.017361248587868593	57.26041310251684
9.982649022238	1.9721847586590786	40.82085534342391	2.8484430663143905	0.8417842806250225	1.4289956457139237	0.45445616910307995	0.09577782295661827	0.008109373485952488	63.962886731813235
97.37912062918292	1.6707100513531876	24.54466837130686	3.0436852560661465	0.49989493076160896	0.2913563891528277	0.2758913354253043	0.022023195840131606	0.011827616066613034	59.394509826341185
27.385713487885845	0.5254663179404007	8.87616200239571	4.915821633722342	0.7382848570865799	1.0988565880156116	0.325408290035514	0.0009613641590307531	0.0062050401344663445	3.6425573962259787
11.617369763866137	2.0446039334223176	37.2732016116924	3.3460155395962454	0.9864518915046933	1.8806583613438772	0.10603943558996282	0.026836626256992093	0.00660732841304238	16.12883767473993
8.898706542231361	4.282148754339029	44.741176303401126	1.7223453418267132	0.7813077422542618	1.0678946736469959	0.2539197091701237	0.09913895332048832	0.002417970456862051	50.461528804089866
92.27673976859204	1.6122744142216598	18.75626317664788	1.1847080512222057	0.3580422253881238	0.8548736826161178	0.01713568083500422	0.07910425065718338	0.006111394993906405	35.67706440089496
7.5687136114814475	2.7064915896214226	4.6071071203736045	0.6351291343411058	0.6753728212111689	1.3442254704299887	0.49368723978224227	0.05271782044208522	0.0018299070064164203	10.293583678542225
23.51061245524717	0.7342253878242438	27.82117785972967	4.674709670763987	0.10450037517681732	0.7199161701440477	0.178590507214838	0.030946905650785707	0.008629709773272765	28.379115347029085
68.12660477838202	2.967019069399151	46.16220353435846	1.6832520747060875	0.5017566297818317	1.1704868586672015	0.15084850085261908	0.06826455078781289	0.004639260000473578	47.88644110641603
26.401533915614085	3.6966966221506836	47.41169872181257	4.430445804597151	0.75878133268179	1.1667876627733267	0.11135115842722909	0.042894866015664695	0.002808499849758306	72.12897719672767
54.454190793571655	1.3936831267969545	31.07383021973178	2.9170606167672144	0.5369662340349773	0.14730603107960483	0.4147976717077663	0.03511088917183112	0.021003328361598985	38.6672645368442
49.641906102481336	1.3598971437046643	36.68007436271716	4.873762919208906	0.5934107764161523	1.0306031576633174	0.24620956562680496	0.0008786028961638049	0.011290532036629232	19.933080310384675
99.9437994229209	2.4131860701497763	35.19463833089455	2.544058988814051	0.7823013963116736	0.919281457943526	0.006876376530312478	0.040409312498887476	0.0009748035248511645	68.79437762471113
9.813598119812195	0.5067506544568234	48.79171693786421	1.9146049224651125	0.7223550749148295	1.272926887178435	0.11296371463162547	0.0635180823503266	0.009802706686380959	30.228379913806826
2.437331276522914	1.8420231810740528	35.37416743744257	0.7055369604201578	0.3695270464178668	1.4657833587779312	0.4463905027355564	0.061126935576692756	0.0019414888488790694	17.70547153423534
52.65158301136026	0.6038625420879368	36.45311692551705	0.2589630959995226	0.9400169603139313	0.5893512096038669	0.030800662097451637	0.03810087102961826	0.003435666059543707	37.85013771484786
53.40350877405039	3.1152858885570445	17.454162724164306	4.080783626398905	0.4907471710928729	1.6681334742133052	0.3198162311621227	0.06654939248133718	0.0006209304904669644	20.80009351441353
62.596195534182385	4.527068669831308	32.41112776108325	2.1620860458332594	0.23893460775596687	0.18035608187497054	0.0005058723141798116	0.0790550397206644	0.0005607637910216679	55.03192424500493
42.85879327822746	0.5464407562677664	14.316009771185495	3.7223299621157846	0.894633345247053	1.3208844709565737	0.3605114066648826	0.09843475390186188	0.001223714093732442	26.92066497451621
77.00063069081015	1.1979645872452382	35.85126000620309	3.5785518737846584	0.41190345346119395	1.443502633426824	0.4125276481458478	0.08275748335941789	0.004072090048979071	64.58839194786214
73.60426197151216	1.0678646663627	47.85745988962445	1.199905236107519	0.6590434532080791	1.170196103774483	0.3113556708317809	0.04956586086508641	0.004606618727982493	27.826176693476157
52.34062322330774	1.4742374660850128	18.04909209274318	0.5496163786946701	0.8918912519703459	0.2730171804296393	0.22505949450231427	0.05910883505742	0.005579336610507091	58.86525057519157
50.67841421609138	3.8694124107466195	14.09118981279206	3.3446936099266855	0.23050656666673086	0.13623463860897123	0.3486124091926738	0.01458451195485212	0.0009315764444060904	26.242031848215667
32.3913079331046	4.144005407126779	28.490846999245793	4.267468651093711	0.7283911666812701	0.23194217082194934	0.4732572108641975	0.02554422806490807	0.008382830638642402	59.038403960046494
4.381591564039844	0.2030337805076371	19.747356408806695	4.590068405587293	0.06720803439460343	0.4095593090764018	0.027712314238507618	0.09849692627936668	0.008063424670986375	38.92574796053212
72.29609577689351	2.0766381816097867	31.954280288789544	0.7936178601811983	0.5241745300199229	0.3052399086920863	0.18855759110709042	0.0742274576093266	0.08845695129436595	66.9365887428593
88.70621060874318	3.209890805668599	47.91529405281254	2.2392368052857026	0.7941152891472167	0.10218733399785207	0.07213025466778472	0.04821176189405529	0.02333355270367902	47.022281193131846
45.26108047239909	3.070940401868198	26.051766323268538	4.651037331708733	0.4376892185297565	1.0242988504007253	0.3506675718071212	0.006182403817301019	0.006910367680209861	25.65056213038089
69.40450684362499	0.23829479944389664	14.731601961599505	3.98175911499777	0.27945055572345134	0.7971277383544981	0.23485831865823553	0.07224207935952938	0.014939818216677793	19.555649277422997
9.340878571751077	3.8764091566337013	35.84254150701862	4.6078847665322	0.40799583228114833	0.6926649218596472	0.37543438506878163	0.08681857064329584	0.003436267181967101	29.620355805409645
93.59591548849725	1.5250740425121583	42.80422974963451	1.124665209638021	0.872330323381254	0.7456302739352432	0.39050604479170675	0.0012884167773761558	0.010060381261181096	74.81002710057909
45.16411096672902	3.082872364834224	45.64318651678377	0.5532279368233423	0.309053835748866	0.3158738052494994	0.12158794368073583	0.021138986467422807	0.0021081462845374266	65.80815540636377
98.20313470021337	1.9838021258485443	21.214793728869175	2.5442913192376415	0.6852152747775961	0.8215635871813258	0.4596050513151544	0.06503223467369228	0.010237082698845601	39.792351189044446
42.79231946416209	3.9716929161489416	12.399130042175877	1.5960262623837707	0.5113050897716849	0.5146587732124401	0.4894093085953917	0.08195202420523832	0.0003174123093102277	19.229845227511223
8.304543964522304	1.3725708468323738	17.942542348336808	1.4218701254677906	0.8358789609893083	0.13986739162690243	0.008718025792405826	0.03159273037773343	0.020736368077175528	50.94070235071144
25.914563474167508	3.9926159380787634	22.315133530204033	1.5735975323166134	0.9148831120164922	0.1466991812630314	0.0018183235337408954	0.0016485802028306296	0.05005963471015941	36.6313020832658
37.351061554154384	0.8825302748331876	19.434688065015322	4.2028361598811435	0.7967830186586207	1.7050238394711323	0.3918401392730156	0.006832596081722687	0.0095216685042143	24.238897160024727
22.6761914083775	2.3909732942931345	48.90191865064865	4.253537741230532	0.9663708514312975	0.5495112756857314	0.46802845283101546	0.06907494608015614	0.01267627907954101	60.77669936792917
70.55005321218424	4.287996818415096	36.50630745962103	4.616631479232407	0.4769541307366203	1.833189525527458	0.3278747494031842	0.0015953163580250118	0.0004319335087946685	50.673173568437846
45.754594064967435	4.837152565301745	42.602123333395554	3.749888098542505	0.5670824352309709	0.3037891699962245	0.14997767345011392	0.054683267750645706	0.0024028238215842105	47.07302871210244
74.8416324024761	1.4896335447549902	49.40808973541879	2.972790761458703	0.46698263362016446	0.719718453388754	0.09972260407525774	0.014268435913097411	0.009290868149098231	53.85804068982455
28.34163246884507	2.0313740151288977	8.335970381544112	1.1101191548899298	0.3380114159420472	0.3502506285419875	0.05834609613959568	0.025229619995383645	0.003930626690842642	10.40068404671973
35.91471090604954	1.5705826940462242	11.789421390265092	3.827240375370837	0.43988436090356686	0.6391215040073586	0.0843777091217755	0.01198883705783519	0.00729089867072803	39.70734060232604
74.4056447910936	2.424061043249494	41.27874402830323	4.1965467699466625	0.586779884184853	0.9801938838258657	0.10244992054208707	0.01784429548354084	0.0030684707831195816	46.4158055427346
76.08654326689023	0.7358105432832301	31.75933456535781	2.099731791013506	0.6957118814463129	0.7111604189559604	0.12444476357454576	0.05379163082263874	0.014997920521031927	65.94710931913546
31.797953840541805	1.2635642851639877	31.51932412219487	2.220456661353599	0.6608749063696473	1.3009998393632334	0.3684458025486779	0.031079633824039735	0.004859080005510663	55.61760955811073
70.65865348775098	1.6766115590896558	20.015909920939258	0.4358935855364565	0.2070579928812677	1.1481714974571746	0.4059157256226626	0.04496613295412466	0.004589696514357078	68.19065344436268
58.997021251781014	3.492038314848689	30.34391803062068	3.0677722719084404	0.28992710598016913	0.16040352971600913	0.41676239595168585	0.020723765828574315	0.014517241893193068	21.80795359803523
94.21932999966741	1.5813490199406361	17.56515803037322	0.9174233735717668	0.20064945113418575	0.4133945006828572	0.20957248636429043	0.008540344299421344	0.0036785964306285225	43.440778637359756
0.22985435967878276	4.674491754135794	43.857696893306255	3.8000050042427813	0.7300678417418003	0.8861897590086218	0.33969809607212764	0.02317168026337535	0.0057636818117868475	16.127785920057736
78.20700351013241	1.8290034320610231	38.11700801477373	4.40911250117594	0.5047877336171877	1.744196586510679	0.44462970568873617	0.021637778275310007	0.0008624502114918609	39.68776159137838
13.458991294252098	0.9415564505850893	29.532731863335083	1.261792804450651	0.39977386594932407	0.6270535754077087	0.12010955362553388	0.037225865291181694	0.008725515973848874	61.1799875664587
53.119927549704094	1.496296802610152	19.908512953521917	4.888162618669954	0.5536982257713415	1.8941518993603772	0.40592205454625324	0.06354475877565685	0.0010368197095756316	48.694894846693565
4.27011061377126	1.5812148474294703	3.7907380680211986	4.736349006857296	0.21499958269718278	1.1083982888983146	0.20449953564792184	0.0022965040287550977	0.0022147049757556994	16.62937920132949
9.550517807602098	0.4486193228799634	5.22934546386406	0.5938160141877463	0.006677428365327365	0.8316904646691097	0.3311634190578969	0.04316554115635229	0.011909646373821227	18.42444461301251
3.3709428062617786	2.8845934352119778	22.328285396552754	1.4800281845126617	0.6047554679123746	0.7408527569915095	0.044281334264172245	0.03301738224729788	0.003248454438988269	42.855572664529184
4.47524499435501	3.6048965022425365	13.062408914166202	0.5516510070703146	0.0545003678747068	0.2320826188412548	0.2482154621264771	0.09456790077608956	0.0009121620726095015	8.001563593673222
29.14513048319518	2.4183110341750904	41.860204803878844	1.9985984908838195	0.34509708317002485	1.3450841525681447	0.26578384656450516	0.09135453984926872	0.0011698945068023493	47.814250069555875
23.857531526012398	0.22739806893340375	48.29298643021531	0.7293382371470969	0.925671545476181	1.6406590159205707	0.14177142029161077	0.07205303556899384	0.00569410387046333	48.52788677837959
76.42999870318444	1.9765426723303552	36.443104967939746	2.76214246742084	0.9007360196960151	0.2997325921701699	0.17009908590205775	0.07935772795387791	0.015988464851758432	59.05896898795555
63.70020866423468	2.7538456058165677	10.057055780919383	2.4724169049694167	0.0959954751837152	0.33095495515166884	0.18450336006424728	0.03145821437883103	0.0006679887299191001	29.53393890528725
58.03988856853473	1.9983220011169145	30.171766986345006	1.5871612442839989	0.6448325170280969	0.42412215559271704	0.28603756099191663	0.09671488697285574	0.008271733124500425	67.5736138505115
80.40248167456869	2.709369055059096	27.89636958973144	3.9347284299592182	0.9296195552288762	1.7904195584638118	0.14028442771452743	0.054737709299872796	0.001815768069970203	54.78477747400629
17.621865711922847	2.139258615055689	22.016128051139848	4.451697222670293	0.21086942435659328	0.4335269899772527	0.2312104768313502	0.02135211543790714	0.0010523370234845175	70.51024704070163
64.39415072184632	3.5105288065667266	40.20218962090298	3.021790328057912	0.19683718465253197	1.661857399509228	0.12805794992317177	0.0029662143677628428	0.0016681717774481132	28.584962870796204
66.90960438562722	1.3656182454850574	28.996564519932456	0.1452927023512185	0.963059417177149	0.4824493710405806	0.10411258529570655	0.09148976145066566	0.005221021490459477	42.677223840917755
62.94044314771977	3.713214644886267	24.801961495606744	2.5012528115449473	0.5846929801180489	1.1863230442240429	0.08571811202300866	0.09186769063728767	0.0014792167437202132	56.23294326978775
55.065184426088564	1.732712897145492	33.33358785765858	0.3518114801260952	0.9713965640774941	0.9110873464377665	0.4346397684440765	0.0053812567372481974	0.005788824952633487	54.87221680003592
98.16705236498127	0.9027934286276335	9.420493888442593	0.2932568193195412	0.4173303686459364	1.2993376942348882	0.26853518800930276	0.021591520365081298	0.0034946111879083142	37.67804746101334
35.17486259824623	4.041017970669893	30.117142619767023	1.5358383346525806	0.09370579516511646	0.16987873152685085	0.18791123420019856	0.08733209976445098	0.007788612700230346	56.20027860295602
44.05083352544952	3.567129212963515	20.999076927243486	4.415047466249604	0.7428144380046969	1.7045118159559542	0.34166561418781327	0.0056682929472044235	0.00040735117333383646	45.83018712440076
82.2757447451505	2.1028326064233904	11.386208962067757	3.4298632166415306	0.7626213842319206	1.0473914296072293	0.20342550551070843	0.08767561977931732	0.0015236243408728756	29.39316158149121
89.33461182306785	3.5878328726068336	35.29562703938663	3.8707726465737013	0.6390922833018131	0.11970619960734163	0.13776121536697838	0.02779349620149392	0.013103691169075527	49.58705952350306
88.70576960062508	2.7123569775864826	17.917751047121406	0.461866040731268	0.949657987495201	0.2752022345078382	0.109170486775295	0.004554576580640757	0.09193066744328932	54.97298069812026
18.392520859871865	0.8073927065960668	38.60876857265815	1.455720190502764	0.10222332536956624	1.139078029196015	0.4291308414495627	0.03603541661977259	0.006922279965885625	11.086594964493349
77.17679290558387	1.3627462811252877	30.205701089224497	4.26296736197373	0.817246092135207	0.33306086814160785	0.24117228544655744	0.029836804850968103	0.013507212698407756	61.18431949879066
55.60962157669535	4.654445944075233	44.85831697919569	0.5538965364783782	0.014586519311207247	0.200326758304592	0.24213656942332407	0.080055937491945	0.004776796293379782	74.68284636618183
42.71187323663249	1.8067196084999282	32.17975848814987	4.381111189653018	0.5229955234832628	0.5770934963526748	0.2990097834365979	0.045233670313854925	0.0019440689076384743	44.06500000881554
80.24329708298168	3.6660107519546514	20.668474090541704	2.3989016247668147	0.9010172180161959	0.14386206818553315	0.1487673540582662	0.050883672212700064	0.006082313347697644	61.32932652785912
51.09236209989305	1.1551080117621548	43.59709743454289	2.178306837200995	0.848566885750777	0.5494813109705607	0.09960321249088555	0.028133131851191054	0.010236715195794189	39.95808823121998
38.30323259238606	2.474491678956859	20.790077270341566	4.665958820518311	0.016043550452593536	0.7622936121027666	0.3008888587346814	0.06277944470407425	0.00312180261002879	38.746389632004146
61.7937204867051	1.4319047577096733	17.152040131354727	3.9329631353733765	0.01766180589791222	1.794107305039724	0.35144294638197104	0.07790577783238306	0.007932951727178584	63.69473654098836
19.613113753938404	4.368345585440202	42.665186272979035	1.257034403989132	0.23765860080567258	0.05025474390387985	0.14567383703795767	0.05940852185554571	0.0010019594363816608	42.361856066838136
3.189214452555722	3.6291720785795105	38.133440420466535	2.4017953129843077	0.016089955890445262	0.8488180167830377	0.3295031713103865	0.05627404735689592	0.00041319885357914425	66.68412472788825
21.29851359681123	1.3757518576787326	33.86344187436271	2.461764488191869	0.4747944878689835	1.981026383933579	0.06453692204971578	0.05259626640977773	0.0026226373612322053	23.27455295170432
76.19260446820071	0.6680034850250277	25.525941250602408	4.969325297335697	0.9009627177030557	0.3286255193427301	0.12205877227274647	0.07113123704919483	0.010637169645092393	61.633127952949955
46.478547737274454	2.357532580928475	46.41019351132523	2.2692149833420743	0.22442618765361544	0.2590108277406158	0.4611707006841829	0.09685964968347727	0.011486702179483544	41.86022001673837
13.988070814696208	2.1144788334484836	28.22828725960866	1.075902490638641	0.9524587306042941	1.5421075785106075	0.2541629819990086	0.051214812597669856	0.0037111406579782846	68.21166392798035
17.326317689379312	1.3344963682639084	27.82876451501449	3.706293337268759	0.5039115370677686	1.3113024029644484	0.2633010617405403	0.01720544474371414	0.006828993844644882	17.017119118029136
14.361059973159762	3.9189000683566593	25.430067207351843	0.09423781494443839	0.5670556444018485	0.3269363541736172	0.047549084040609924	0.06309515137302239	0.0991559727804282	58.69013522112046
27.984727480595406	3.4155274652716603	32.360612465484515	4.512021006163761	0.9767899248417489	0.9989723077882864	0.37116237783170525	0.04037435818752383	0.005021830450533027	15.789038087854589
40.096587178207685	4.468888667749582	38.1962704712815	1.1076353481917462	0.3287382714255066	1.573012443415309	0.25512585091816636	0.048967039408082225	0.0017406291207923141	8.311746599383591
